3
2 2 1
6 13 2
0 0 0 1 2 3 4 4 4 
0 0 0 1 2 3 4 5 6 7 8 9 10 11 11 11 
0 0 1 1
31.9188669849916 -3.40646887812651 11.7126397705392 1
31.0258074269102 -3.41001676922584 11.3945279820038 1
27.223343659415 -3.42713805509072 10.0384704669686 1
22.2851938477262 -3.4518939872789 8.27539230388335 1
17.3685785230219 -3.47484115447856 6.52135563117515 1
15.9057794778467 -3.48038243937992 6.00051491141479 1
31.9203678937142 -3.44970997945611 11.7085397082796 1
31.0269443847218 -3.45227779570598 11.3885947472961 1
27.2260603284975 -3.46491447985146 10.0257340603713 1
22.2900593681239 -3.48353667086695 8.25372340995183 1
17.3740480667723 -3.50060087625031 6.49034037919401 1
15.9176746475559 -3.5045191283253 5.96901394094705 1
31.9425441635209 -3.5014656405008 11.6481210276238 1
31.0389393793288 -3.50061775783564 11.3230928213648 1
27.2414148758035 -3.49680501053643 9.95687445902105 1
22.3059486586916 -3.49146847299542 8.18104933613315 1
17.3881788142012 -3.48638583026856 6.41173221426775 1
15.9459771224761 -3.48507498405237 5.89297647428226 1
32.0944353819525 -3.47941701593293 11.2289062995974 1
31.1176944208344 -3.46622101102711 10.893315775605 1
27.3230819696399 -3.42074657297083 9.59815808870894 1
22.3638169053198 -3.37212095902073 7.90860745896749 1
17.4229138442047 -3.31699180161862 6.22373477916817 1
16.0031968551632 -3.29570483725491 5.73723873410005 1
32.5545555928109 -3.33494592208336 9.87071909311403 1
31.3722531034494 -3.27861635205212 9.52872305062984 1
27.579444679348 -3.13464899702739 8.4608717558373 1
22.5442930120741 -2.99663232177143 7.05886479063584 1
17.5313339014714 -2.82264655053406 5.65085973313179 1
16.1696125540454 -2.74923475835583 5.26262132091085 1
33.1592589973773 -2.59607642074939 7.59623179887251 1
31.8135068691304 -2.5014169511912 7.33528383304996 1
27.9827610458954 -2.30735190482825 6.61096738658459 1
22.8435805473583 -2.13456308275402 5.65664432960003 1
17.7200599675914 -1.89970109801219 4.6927330072866 1
16.415821232168 -1.79907811338459 4.44042325431808 1
33.52877539327 -1.44987469422491 5.69463284215023 1
32.2056632082204 -1.371129469661 5.52337435129185 1
28.3133185914777 -1.20909914631395 5.04014535301652 1
23.1080466658609 -1.07438966748127 4.42182809699926 1
17.9079517123204 -0.881085249329549 3.78433671610157 1
16.6155893654564 -0.795936128740441 3.61351732012365 1
33.7105123124043 -0.401064341046969 4.46861081021342 1
32.4718983062468 -0.348541049739554 4.34644764656928 1
28.529979662277 -0.237275984049382 3.98814036489973 1
23.2940869104653 -0.159133861633726 3.55205476858304 1
18.0580268330355 -0.0316165325931143 3.0879270467057 1
16.7460153108731 0.0318536940244374 2.95351510502671 1
33.8514325846603 1.05352788906346 3.22441753035363 1
32.7539740757503 1.0732333805565 3.13951568661122 1
28.7597580847927 1.11404694327416 2.85770537205105 1
23.5124125222344 1.12462709677538 2.52347558937925 1
18.2656531018849 1.16485799178382 2.16434048449512 1
16.8824601684265 1.19601233771705 2.05270218078649 1
33.9062612907969 2.17989037922575 2.52989433681187 1
32.918488464064 2.17934622832586 2.45629817562483 1
28.8993398880408 2.16994741602659 2.16639021658091 1
23.6633909085235 2.14783181733336 1.8004742104134 1
18.4406122980799 2.13252501762918 1.42729973917417 1
16.9511043944439 2.1331777845184 1.31508438751298 1
33.9261805574828 2.79385034964072 2.23929654637067 1
32.9887498048185 2.78549166746486 2.16837759947092 1
28.9617930929008 2.75324627632686 1.85755681576086 1
23.7363765230348 2.71570180137382 1.4461728658405 1
18.5351015465481 2.67542165710879 1.04208666365929 1
16.9748255857272 2.66132352490655 0.924930834592042 1
33.9151219275898 3.3042639307748 2.40738484283239 1
32.9487170375403 3.29521432074766 2.33151104613577 1
28.9343953384409 3.26736657414335 1.99681627376224 1
23.7166021815308 3.24463317722541 1.53954488790003 1
18.5205749405294 3.21299550345417 1.09920424814 1
16.9723807663737 3.1964735810232 0.979129623393035 1
33.8972446428074 3.42383314657181 2.64136434928399 1
32.8936402813958 3.41656119104324 2.56063723403183 1
28.8893350534982 3.39981887140411 2.22061309308974 1
23.671609331697 3.3932869205185 1.75522299974006 1
18.4703846619836 3.37635967326448 1.30652185771643 1
16.9584884544344 3.3637716709275 1.18729496790572 1
32.2308955408471 -1.39378454851491 13.7358347653553 1
31.3378359827657 -1.39733243961424 13.4177229768199 1
27.5353722152705 -1.41445372547912 12.0616654617847 1
22.5972224035817 -1.4392096576673 10.2985872986995 1
17.6806070788774 -1.46215682486697 8.54455062599125 1
16.2178080337022 -1.46769810976832 8.02370990623089 1
32.2323964495697 -1.43702564984451 13.7317347030957 1
31.3389729405773 -1.43959346609438 13.4117897421122 1
27.538088884353 -1.45223015023987 12.0489290551874 1
22.6020879239794 -1.47085234125536 10.2769184047679 1
17.6860766226278 -1.48791654663872 8.51353537401011 1
16.2297032034114 -1.4918347987137 7.99220893576316 1
32.2545727193764 -1.4887813108892 13.6713160224399 1
31.3509679351843 -1.48793342822404 13.3462878161809 1
27.553443431659 -1.48412068092483 11.9800694538372 1
22.6179772145471 -1.47878414338382 10.2042443309493 1
17.7002073700567 -1.47370150065697 8.43492720908385 1
16.2580056783316 -1.47239065444078 7.91617146909837 1
32.406463937808 -1.46673268632133 13.2521012944135 1
31.4297229766899 -1.45353668141551 12.9165107704211 1
27.6351105254954 -1.40806224335923 11.621353083525 1
22.6758454611753 -1.35943662940913 9.93180245378359 1
17.7349424000602 -1.30430747200702 8.24692977398428 1
16.3152254110187 -1.28302050764331 7.76043372891615 1
32.8665841486664 -1.32226159247176 11.8939140879301 1
31.6842816593049 -1.26593202244052 11.5519180454459 1
27.8914732352035 -1.12196466741579 10.4840667506534 1
22.8563215679296 -0.983947992159829 9.08205978545195 1
17.8433624573269 -0.809962220922464 7.67405472794789 1
16.4816411099009 -0.73655042874423 7.28581631572695 1
33.4712875532328 -0.583392091137795 9.61942679368861 1
32.1255354249859 -0.488732621579602 9.35847882786607 1
28.2947896017509 -0.294667575216658 8.6341623814007 1
23.1556091032138 -0.121878753142422 7.67983932441613 1
18.0320885234469 0.112983231599403 6.7159280021027 1
16.7278497880235 0.213606216227008 6.46361824913418 1
33.8408039491255 0.562809635386687 7.71782783696634 1
32.5176917640759 0.6415548599506 7.54656934610796 1
28.6253471473332 0.803585183297642 7.06334034783263 1
23.4200752217164 0.938294662130329 6.44502309181536 1
18.2199802681759 1.13159908028205 5.80753171091767 1
16.9276179213119 1.21674820087116 5.63671231493975 1
34.0225408682598 1.61161998856463 6.49180580502952 1
32.7839268621023 1.66414327987204 6.36964264138538 1
28.8420082181325 1.77540834556221 6.01133535971583 1
23.6061154663208 1.85355046797787 5.57524976339914 1
18.370055388891 1.98106779701848 5.1111220415218 1
17.0580438667286 2.04453802363603 4.97671009984282 1
34.1634611405158 3.06621221867505 5.24761252516973 1
33.0660026316058 3.08591771016809 5.16271068142732 1
29.0717866406482 3.12673127288575 4.88090036686716 1
23.8244410780899 3.13731142638698 4.54667058419535 1
18.5776816577404 3.17754232139541 4.18753547931122 1
17.194488724282 3.20869666732865 4.07589717560259 1
34.2182898466524 4.19257470883735 4.55308933162797 1
33.2305170199195 4.19203055793745 4.47949317044093 1
29.2113684438963 4.18263174563819 4.18958521139701 1
23.975419464379 4.16051614694495 3.82366920522951 1
18.7526408539354 4.14520934724078 3.45049473399027 1
17.2631329502994 4.14586211413 3.33827938232908 1
34.2382091133383 4.80653467925231 4.26249154118678 1
33.300778360674 4.79817599707646 4.19157259428703 1
29.2738216487563 4.76593060593845 3.88075181057696 1
24.0484050788903 4.72838613098542 3.4693678606566 1
18.8471301024036 4.68810598672038 3.0652816584754 1
17.2868541415827 4.67400785451815 2.94812582940815 1
34.2271504834453 5.31694826038639 4.43057983764849 1
33.2607455933958 5.30789865035926 4.35470604095187 1
29.2464238942964 5.28005090375494 4.02001126857834 1
24.0286307373863 5.25731750683701 3.56273988271613 1
18.8326034963849 5.22567983306576 3.12239924295611 1
17.2844093222292 5.2091579106348 3.00232461820914 1
34.2092731986628 5.4365174761834 4.66455934410009 1
33.2056688372513 5.42924552065484 4.58383222884793 1
29.2013636093537 5.41250320101571 4.24380808790584 1
23.9836378875525 5.4059712501301 3.77841799455616 1
18.7824132178391 5.38904400287608 3.32971685253254 1
17.2705170102899 5.3764560005391 3.21048996272183 1
1
2
3
4
5
6
7
8
9
10
11
12
13
14
15
16
17
18
19
20
21
22
23
24
25
26
27
28
29
30
31
32
33
34
35
36
37
38
39
40
41
42
43
44
45
46
47
48
49
50
51
52
53
54
55
56
57
58
59
60
61
62
63
64
65
66
67
68
69
70
71
72
73
74
75
76
77
78
79
80
81
82
83
84
85
86
87
88
89
90
91
92
93
94
95
96
97
98
99
100
101
102
103
104
105
106
107
108
109
110
111
112
113
114
115
116
117
118
119
120
121
122
123
124
125
126
127
128
129
130
131
132
133
134
135
136
137
138
139
140
141
142
143
144
145
146
147
148
149
150
151
152
153
154
155
156
0 0 0
0 0 0
0 0 0
0 0 0
0 0 0
0 0 0
0 0 0
0 0 0
0 0 0
0 0 0
0 0 0
0 0 0
0 0 0
0 0 0
0 0 0
0 0 0
0 0 0
0 0 0
0 0 0
0 0 0
0 0 0
0 0 0
0 0 0
0 0 0
0 0 0
0 0 0
0 0 0
0 0 0
0 0 0
0 0 0
0 0 0
0 0 0
0 0 0
0 0 0
0 0 0
0 0 0
0 0 0
0 0 0
0 0 0
0 0 0
0 0 0
0 0 0
0 0 0
0 0 0
0 0 0
0 0 0
0 0 0
0 0 0
0 0 0
0 0 0
0 0 0
0 0 0
0 0 0
0 0 0
0 0 0
0 0 0
0 0 0
0 0 0
0 0 0
0 0 0
0 0 0
0 0 0
0 0 0
0 0 0
0 0 0
0 0 0
0 0 0
0 0 0
0 0 0
0 0 0
0 0 0
0 0 0
0 0 0
0 0 0
0 0 0
0 0 0
0 0 0
0 0 0
0 0 0
0 0 0
0 0 0
0 0 0
0 0 0
0 0 0
0 0 0
0 0 0
0 0 0
0 0 0
0 0 0
0 0 0
0 0 0
0 0 0
0 0 0
0 0 0
0 0 0
0 0 0
0 0 0
0 0 0
0 0 0
0 0 0
0 0 0
0 0 0
0 0 0
0 0 0
0 0 0
0 0 0
0 0 0
0 0 0
0 0 0
0 0 0
0 0 0
0 0 0
0 0 0
0 0 0
0 0 0
0 0 0
0 0 0
0 0 0
0 0 0
0 0 0
0 0 0
0 0 0
0 0 0
0 0 0
0 0 0
0 0 0
0 0 0
0 0 0
0 0 0
0 0 0
0 0 0
0 0 0
0 0 0
0 0 0
0 0 0
0 0 0
0 0 0
0 0 0
0 0 0
0 0 0
0 0 0
0 0 0
0 0 0
0 0 0
0 0 0
0 0 0
0 0 0
0 0 0
0 0 0
0 0 0
0 0 0
0 0 0
0 0 0
0 0 0
0 0 0
0 0 0
0 0 0
0.0 0.0 0.0
0.0 0.0 0.0
0.0 0.0 0.0
0.0 0.0 0.0
0.0 0.0 0.0
0.0 0.0 0.0
0.0 0.0 0.0
0.0 0.0 0.0
0.0 0.0 0.0
0.0 0.0 0.0
0.0 0.0 0.0
0.0 0.0 0.0
0.0 0.0 0.0
0.0 0.0 0.0
0.0 0.0 0.0
0.0 0.0 0.0
0.0 0.0 0.0
0.0 0.0 0.0
0.0 0.0 0.0
0.0 0.0 0.0
0.0 0.0 0.0
0.0 0.0 0.0
0.0 0.0 0.0
0.0 0.0 0.0
0.0 0.0 0.0
0.0 0.0 0.0
0.0 0.0 0.0
0.0 0.0 0.0
0.0 0.0 0.0
0.0 0.0 0.0
0.0 0.0 0.0
0.0 0.0 0.0
0.0 0.0 0.0
0.0 0.0 0.0
0.0 0.0 0.0
0.0 0.0 0.0
0.0 0.0 0.0
0.0 0.0 0.0
0.0 0.0 0.0
0.0 0.0 0.0
0.0 0.0 0.0
0.0 0.0 0.0
0.0 0.0 0.0
0.0 0.0 0.0
0.0 0.0 0.0
0.0 0.0 0.0
0.0 0.0 0.0
0.0 0.0 0.0
0.0 0.0 0.0
0.0 0.0 0.0
0.0 0.0 0.0
0.0 0.0 0.0
0.0 0.0 0.0
0.0 0.0 0.0
0.0 0.0 0.0
0.0 0.0 0.0
0.0 0.0 0.0
0.0 0.0 0.0
0.0 0.0 0.0
0.0 0.0 0.0
0.0 0.0 0.0
0.0 0.0 0.0
0.0 0.0 0.0
0.0 0.0 0.0
0.0 0.0 0.0
0.0 0.0 0.0
0.0 0.0 0.0
0.0 0.0 0.0
0.0 0.0 0.0
0.0 0.0 0.0
0.0 0.0 0.0
0.0 0.0 0.0
0.0 0.0 0.0
0.0 0.0 0.0
0.0 0.0 0.0
0.0 0.0 0.0
0.0 0.0 0.0
0.0 0.0 0.0
0.0 0.0 0.0
0.0 0.0 0.0
0.0 0.0 0.0
0.0 0.0 0.0
0.0 0.0 0.0
0.0 0.0 0.0
0.0 0.0 0.0
0.0 0.0 0.0
0.0 0.0 0.0
0.0 0.0 0.0
0.0 0.0 0.0
0.0 0.0 0.0
0.0 0.0 0.0
0.0 0.0 0.0
0.0 0.0 0.0
0.0 0.0 0.0
0.0 0.0 0.0
0.0 0.0 0.0
0.0 0.0 0.0
0.0 0.0 0.0
0.0 0.0 0.0
0.0 0.0 0.0
0.0 0.0 0.0
0.0 0.0 0.0
0.0 0.0 0.0
0.0 0.0 0.0
0.0 0.0 0.0
0.0 0.0 0.0
0.0 0.0 0.0
0.0 0.0 0.0
0.0 0.0 0.0
0.0 0.0 0.0
0.0 0.0 0.0
0.0 0.0 0.0
0.0 0.0 0.0
0.0 0.0 0.0
0.0 0.0 0.0
0.0 0.0 0.0
0.0 0.0 0.0
0.0 0.0 0.0
0.0 0.0 0.0
0.0 0.0 0.0
0.0 0.0 0.0
0.0 0.0 0.0
0.0 0.0 0.0
0.0 0.0 0.0
0.0 0.0 0.0
0.0 0.0 0.0
0.0 0.0 0.0
0.0 0.0 0.0
0.0 0.0 0.0
0.0 0.0 0.0
0.0 0.0 0.0
0.0 0.0 0.0
0.0 0.0 0.0
0.0 0.0 0.0
0.0 0.0 0.0
0.0 0.0 0.0
0.0 0.0 0.0
0.0 0.0 0.0
0.0 0.0 0.0
0.0 0.0 0.0
0.0 0.0 0.0
0.0 0.0 0.0
0.0 0.0 0.0
0.0 0.0 0.0
0.0 0.0 0.0
0.0 0.0 0.0
0.0 0.0 0.0
0.0 0.0 0.0
0.0 0.0 0.0
0.0 0.0 0.0
0.0 0.0 0.0
0.0 0.0 0.0
0.0 0.0 0.0
0.0 0.0 0.0
0.0 0.0 0.0
0.0 0.0 0.0
0 0 0
0 0 0
0 0 0
0 0 0
0 0 0
0 0 0
0 0 0
0 0 0
0 0 0
0 0 0
0 0 0
0 0 0
0 0 0
0 0 0
0 0 0
0 0 0
0 0 0
0 0 0
0 0 0
0 0 0
0 0 0
0 0 0
0 0 0
0 0 0
0 0 0
0 0 0
0 0 0
0 0 0
0 0 0
0 0 0
0 0 0
0 0 0
0 0 0
0 0 0
0 0 0
0 0 0
0 0 0
0 0 0
0 0 0
0 0 0
0 0 0
0 0 0
0 0 0
0 0 0
0 0 0
0 0 0
0 0 0
0 0 0
0 0 0
0 0 0
0 0 0
0 0 0
0 0 0
0 0 0
0 0 0
0 0 0
0 0 0
0 0 0
0 0 0
0 0 0
0 0 0
0 0 0
0 0 0
0 0 0
0 0 0
0 0 0
0 0 0
0 0 0
0 0 0
0 0 0
0 0 0
0 0 0
0 0 0
0 0 0
0 0 0
0 0 0
0 0 0
0 0 0
0 0 0
0 0 0
0 0 0
0 0 0
0 0 0
0 0 0
0 0 0
0 0 0
0 0 0
0 0 0
0 0 0
0 0 0
0 0 0
0 0 0
0 0 0
0 0 0
0 0 0
0 0 0
0 0 0
0 0 0
0 0 0
0 0 0
0 0 0
0 0 0
0 0 0
0 0 0
0 0 0
0 0 0
0 0 0
0 0 0
0 0 0
0 0 0
0 0 0
0 0 0
0 0 0
0 0 0
0 0 0
0 0 0
0 0 0
0 0 0
0.0 0.0 0.0
0.0 0.0 0.0
0.0 0.0 0.0
0.0 0.0 0.0
0.0 0.0 0.0
0.0 0.0 0.0
0.0 0.0 0.0
0.0 0.0 0.0
0.0 0.0 0.0
0.0 0.0 0.0
0.0 0.0 0.0
0.0 0.0 0.0
0.0 0.0 0.0
0.0 0.0 0.0
0.0 0.0 0.0
0.0 0.0 0.0
0.0 0.0 0.0
0.0 0.0 0.0
0.0 0.0 0.0
0.0 0.0 0.0
0.0 0.0 0.0
0.0 0.0 0.0
0.0 0.0 0.0
0.0 0.0 0.0
0.0 0.0 0.0
0.0 0.0 0.0
0.0 0.0 0.0
0.0 0.0 0.0
0.0 0.0 0.0
0.0 0.0 0.0
0.0 0.0 0.0
0.0 0.0 0.0
0.0 0.0 0.0
0.0 0.0 0.0
0.0 0.0 0.0
0.0 0.0 0.0
0.0 0.0 0.0
0.0 0.0 0.0
0.0 0.0 0.0
0.0 0.0 0.0
0.0 0.0 0.0
0.0 0.0 0.0
0.0 0.0 0.0
0.0 0.0 0.0
0.0 0.0 0.0
0.0 0.0 0.0
0.0 0.0 0.0
0.0 0.0 0.0
0.0 0.0 0.0
0.0 0.0 0.0
0.0 0.0 0.0
0.0 0.0 0.0
0.0 0.0 0.0
0.0 0.0 0.0
0.0 0.0 0.0
0.0 0.0 0.0
0.0 0.0 0.0
0.0 0.0 0.0
0.0 0.0 0.0
0.0 0.0 0.0
0.0 0.0 0.0
0.0 0.0 0.0
0.0 0.0 0.0
0.0 0.0 0.0
0.0 0.0 0.0
0.0 0.0 0.0
0.0 0.0 0.0
0.0 0.0 0.0
0.0 0.0 0.0
0.0 0.0 0.0
0.0 0.0 0.0
0.0 0.0 0.0
0.0 0.0 0.0
0.0 0.0 0.0
0.0 0.0 0.0
0.0 0.0 0.0
0.0 0.0 0.0
0.0 0.0 0.0
0.0 0.0 0.0
0.0 0.0 0.0
0.0 0.0 0.0
0.0 0.0 0.0
0.0 0.0 0.0
0.0 0.0 0.0
0.0 0.0 0.0
0.0 0.0 0.0
0.0 0.0 0.0
0.0 0.0 0.0
0.0 0.0 0.0
0.0 0.0 0.0
0.0 0.0 0.0
0.0 0.0 0.0
0.0 0.0 0.0
0.0 0.0 0.0
0.0 0.0 0.0
0.0 0.0 0.0
0.0 0.0 0.0
0.0 0.0 0.0
0.0 0.0 0.0
0.0 0.0 0.0
0.0 0.0 0.0
0.0 0.0 0.0
0.0 0.0 0.0
0.0 0.0 0.0
0.0 0.0 0.0
0.0 0.0 0.0
0.0 0.0 0.0
0.0 0.0 0.0
0.0 0.0 0.0
0.0 0.0 0.0
0.0 0.0 0.0
0.0 0.0 0.0
0.0 0.0 0.0
0.0 0.0 0.0
0.0 0.0 0.0
0.0 0.0 0.0
0.0 0.0 0.0
0.0 0.0 0.0
0.0 0.0 0.0
0.0 0.0 0.0
0.0 0.0 0.0
0.0 0.0 0.0
0.0 0.0 0.0
0.0 0.0 0.0
0.0 0.0 0.0
0.0 0.0 0.0
0.0 0.0 0.0
0.0 0.0 0.0
0.0 0.0 0.0
0.0 0.0 0.0
0.0 0.0 0.0
0.0 0.0 0.0
0.0 0.0 0.0
0.0 0.0 0.0
0.0 0.0 0.0
0.0 0.0 0.0
0.0 0.0 0.0
0.0 0.0 0.0
0.0 0.0 0.0
0.0 0.0 0.0
0.0 0.0 0.0
0.0 0.0 0.0
0.0 0.0 0.0
0.0 0.0 0.0
0.0 0.0 0.0
0.0 0.0 0.0
0.0 0.0 0.0
0.0 0.0 0.0
0.0 0.0 0.0
0.0 0.0 0.0
0.0 0.0 0.0
0.0 0.0 0.0
0.0 0.0 0.0
0.0 0.0 0.0
0.0 0.0 0.0
0.0 0.0 0.0
0.0 0.0 0.0
0.0 0.0 0.0
0.0 0.0 0.0
0.0 0.0 0.0
0.0 0.0 0.0
0.0 0.0 0.0
0.0
0.0
0.0
0.0
0.0
0.0
0.0
0.0
0.0
0.0
0.0
0.0
0.0
0.0
0.0
0.0
0.0
0.0
0.0
0.0
0.0
0.0
0.0
0.0
0.0
0.0
0.0
0.0
0.0
0.0
0.0
0.0
0.0
0.0
0.0
0.0
0.0
0.0
0.0
0.0
0.0
0.0
0.0
0.0
